0     0
10    -0.42008
20    -1.54905
30    -3.01933
40    -4.46335
50    -5.67108
60    -6.45873
70    -6.74754
80    -6.59001
90    -6.0124
100   -5.19849
110   -4.30582
120   -3.49192
130   -2.88805
140   -2.52048
150   -2.49423
160   -2.70427
170   -2.94056
180   -3.01933
190   -2.86179
200   -2.54674
210   -2.31044
220   -2.31044
230   -2.59925
240   -3.17686
250   -3.99076
260   -4.93594
270   -5.82861
280   -6.51124
290   -6.80005
300   -6.5375
310   -5.74984
320   -4.51586
330   -2.99307
340   -1.52279
350   -0.42008
360   -0.02625